[Lighting]
Red=1.200000
Blue=1.080000
Green=1.100000
Level=0.026000
Ground=0.000000
Ambient=0.470000
IonRed=0.600000
IonBlue=0.450000
IonGreen=0.500000
IonLevel=0.000000
IonGround=0.000000
IonAmbient=0.470000
DominatorRed=0.850000
DominatorBlue=0.300000
DominatorGreen=0.200000
DominatorLevel=0.028000
DominatorGround=0.000000
DominatorAmbient=0.850000
DominatorAmbientChangeRate=0.009000