[Lighting]
Red=1.320000
Blue=0.900000
Green=1.210000
Level=0.030000
Ground=0.000000
Ambient=0.500000
IonRed=0.600000
IonBlue=0.450000
IonGreen=0.500000
IonLevel=0.020000
IonGround=0.000000
IonAmbient=0.500000
DominatorRed=0.850000
DominatorBlue=0.300000
DominatorGreen=0.200000
DominatorLevel=0.020000
DominatorGround=0.000000
DominatorAmbient=1.500000
DominatorAmbientChangeRate=0.009000